Multiple size <= 100
TEST 1 ARG:52 8 21 7 31 58 69 74 42 1 65 71 32 77 5 12 14 33 18 34 80 83 96 93 15 63 26 76 6 92 24 97 20 16 38 61 64 91 27 49 87 51 44 2 10 43 35 75 0 25 29 3 9 67 55 78 82 62 90 95 59 45 47 36 70 94 13 28 56 99 72 53 79 46 11 39 88 86 54 17 37 84 4 89 57 68 98 73 40 19 22 48 60 85 41 50 81 23 66 30
TEST 2 ARG:1 72 6 54 44 48 92 5 77 47 95 7 65 89 52 36 67 11 39 31 32 37 83 26 85 96 53 15 64 60 16 71 58 8 63 18 19 34 82 3 17 88 91 49 22 84 79 93 40 41 62 4 61 2 74 94 33 80 68 30 57 13 50 51 14 69 70 20 12 10 66 21 45 9 29 55 38 99 43 90 81 78 42 23 59 46 86 73 24 56 28 98 27 0 25 35 76 87 97 75
TEST 3 ARG:94 85 2 25 7 98 72 69 11 23 51 62 91 84 80 48 57 70 26 88 30 44 29 0 40 35 19 27 67 66 21 32 99 36 49 93 97 39 10 52 9 96 54 86 43 56 8 68 13 5 95 34 16 4 42 1 15 61 83 71 73 60 64 82 74 28 77 37 55 50 58 45 3 18 31 92 22 75 41 47 20 81 33 38 76 89 46 17 65 87 53 24 63 78 12 90 59 14 6 79
TEST 4 ARG:96 8 78 90 44 22 42 94 74 21 86 4 73 29 40 67 13 0 43 85 63 11 28 59 36 79 58 41 70 88 81 98 46 25 35 91 15 72 50 20 31 27 61 57 45 75 24 93 77 71 30 66 37 89 97 2 64 12 1 16 5 26 49 18 92 14 47 32 69 19 56 62 87 7 10 54 33 53 34 39 23 48 84 76 55 51 68 6 99 9 80 38 65 82 52 17 60 95 3 83
TEST 5 ARG:5 8 93 79 87 3 27 43 96 12 63 80 20 1 89 64 30 15 34 11 47 22 98 75 18 52 50 55 21 88 70 41 66 65 17 39 40 59 2 77 85 48 97 6 19 72 42 54 45 44 46 58 32 67 13 0 83 9 84 69 36 33 82 29 61 86 99 74 10 56 31 37 76 4 26 73 28 81 92 23 95 68 60 7 90 25 16 49 91 51 62 14 53 35 94 71 57 78 24 38
TEST 6 ARG:40 94 51 28 60 82 29 70 75 31 80 55 9 95 77 6 17 15 4 79 38 50 18 87 27 41 10 71 65 97 11 8 22 86 69 84 49 76 99 35 25 0 43 13 83 16 68 2 5 62 98 45 89 61 92 1 47 93 56 88 23 20 85 32 34 54 53 74 73 64 66 24 96 21 90 42 63 57 37 30 33 26 3 46 7 44 14 67 39 81 91 59 19 58 52 78 12 36 72 48
TEST 7 ARG:63 36 57 98 75 15 89 31 5 0 13 82 44 54 56 19 7 11 85 12 45 73 8 77 79 58 49 80 96 32 81 52 20 4 23 99 90 16 9 67 69 28 27 21 72 71 61 53 38 2 66 95 43 24 26 48 47 39 83 3 35 50 34 51 92 70 14 62 86 93 68 37 91 74 18 97 25 33 6 22 29 30 10 59 41 46 17 87 76 42 1 64 94 40 84 78 60 65 88 55
TEST 8 ARG:56 33 87 85 83 17 27 65 38 40 15 58 0 18 96 6 50 63 21 44 76 86 79 51 11 19 64 26 84 81 48 1 41 93 62 23 37 57 71 53 10 22 97 25 75 36 70 5 31 66 82 42 24 2 74 16 9 73 20 88 46 49 99 72 14 89 54 59 95 80 28 30 13 90 78 91 55 12 35 45 32 77 47 3 43 67 69 52 8 29 34 39 68 98 61 60 94 4 7 92
TEST 9 ARG:61 7 92 74 29 20 23 17 33 2 91 6 70 95 16 59 14 71 50 89 40 97 80 0 25 27 9 34 93 62 76 68 15 84 11 30 37 98 19 31 38 45 4 60 88 24 86 78 43 79 18 53 21 22 41 83 1 77 8 67 13 69 5 96 90 52 3 57 47 81 36 56 12 26 51 49 32 58 94 82 42 44 48 65 64 35 75 39 63 46 72 87 10 73 66 54 99 28 55 85
TEST 10 ARG:18 22 2 47 30 20 31 54 11 65 63 16 4 35 80 75 59 8 41 98 45 48 74 26 21 29 60 5 67 13 44 85 89 57 78 61 76 6 9 53 51 19 95 69 96 43 68 12 64 90 39 92 81 3 79 46 71 86 70 55 34 72 84 97 91 17 73 40 77 24 38 0 49 66 94 50 99 52 1 93 42 10 87 33 88 37 14 82 36 83 56 25 15 58 32 27 28 7 62 23
TEST 11 ARG:49 10 70 23 3 11 78 92 14 21 93 90 31 58 15 17 72 2 1 91 99 61 18 13 98 86 73 37 6 81 47 4 68 45 22 77 59 44 95 8 69 66 80 36 54 76 96 74 79 94 82 56 97 19 30 55 87 71 52 38 42 88 75 43 83 24 48 12 67 57 20 9 5 35 25 16 85 27 28 51 46 0 40 41 33 63 39 26 60 64 89 32 84 50 62 34 7 65 53 29
TEST 12 ARG:70 20 79 14 74 98 35 96 92 37 21 68 87 64 24 69 76 22 78 82 47 85 90 57 97 12 38 80 32 93 23 41 49 30 56 53 52 65 7 60 29 6 62 5 45 81 72 13 39 9 25 43 17 28 50 67 73 48 27 15 54 31 86 91 44 8 0 83 3 71 77 84 89 61 58 75 55 4 46 88 95 94 63 10 99 34 66 36 59 19 2 18 40 1 26 42 11 51 16 33
TEST 13 ARG:9 92 39 87 68 33 26 50 52 37 5 14 43 13 65 34 94 30 79 4 1 23 40 17 61 57 62 41 7 86 44 49 35 78 47 32 75 71 58 2 42 59 73 18 29 54 27 82 98 53 55 19 99 0 36 77 15 10 96 89 25 66 16 97 21 38 81 31 80 51 24 70 48 6 64 28 60 90 67 20 88 91 56 22 93 46 63 3 12 8 76 74 84 95 72 83 11 69 45 85
TEST 14 ARG:70 29 52 79 97 68 10 62 66 4 40 75 60 7 93 35 98 56 96 94 12 16 22 59 61 23 89 24 95 28 37 45 63 27 9 91 8 6 81 58 15 88 77 25 33 86 21 48 34 83 46 87 76 32 41 57 82 2 5 67 78 13 74 51 73 20 49 53 72 50 47 17 44 18 69 26 64 19 90 38 36 1 11 30 92 0 99 42 71 54 65 84 80 85 3 55 39 43 31 14
TEST 15 ARG:65 15 82 13 39 71 35 93 97 0 96 84 59 66 31 73 23 60 57 69 34 42 46 54 95 91 3 41 58 12 81 53 80 52 38 19 51 67 43 20 27 44 25 74 49 24 37 89 10 6 9 29 17 94 98 32 16 26 47 78 79 48 92 68 28 63 90 76 45 88 83 86 2 64 18 55 72 50 77 33 7 11 99 56 75 4 87 61 40 8 21 22 5 62 85 1 36 70 14 30
TEST 16 ARG:8 86 54 28 92 76 22 5 79 31 47 91 66 67 74 85 18 84 77 61 16 68 39 50 83 24 64 35 55 42 49 53 73 10 17 6 70 25 72 48 98 93 20 19 12 75 88 69 51 27 95 45 78 11 43 63 37 9 26 0 65 59 60 30 71 94 38 23 81 82 56 80 2 89 97 99 14 29 96 87 13 32 15 40 44 41 1 7 46 4 34 21 58 62 33 3 57 90 52 36
TEST 17 ARG:30 52 97 82 84 39 3 8 69 45 5 55 44 48 90 42 66 92 67 87 11 51 38 29 93 81 79 78 88 94 26 14 36 71 7 33 62 16 35 86 73 56 83 24 53 19 1 57 74 85 98 63 25 50 95 2 54 27 58 21 20 37 15 0 80 41 9 96 23 40 28 47 60 10 76 89 22 43 65 64 4 18 6 17 59 70 99 75 68 61 31 77 46 34 32 91 12 49 13 72
